10000 7
20000 5
30000 7
40000 30
50000 6
60000 48
70000 10
80000 11
90000 21
100000 9
110000 10
120000 11
130000 14
140000 21
150000 13
160000 12
170000 13
180000 12
190000 12
200000 13
210000 13
220000 24
230000 15
240000 15
250000 23
260000 19
270000 25
280000 23
290000 54
300000 8
310000 27
320000 35
330000 95
340000 23
350000 28
360000 27
370000 41
380000 30
390000 26
400000 28
410000 32
420000 22
430000 23
440000 22
450000 22
460000 25
470000 25
480000 29
490000 28
500000 28
510000 28
520000 30
530000 40
540000 38
550000 36
560000 51
570000 39
580000 37
590000 40
600000 53
610000 33
620000 38
630000 83
640000 132
650000 51
660000 52
670000 55
680000 51
690000 125
700000 78
710000 60
720000 73
730000 49
740000 37
750000 61
760000 128
770000 269
780000 59
790000 59
800000 78
810000 116
820000 57
830000 191
840000 65
850000 81
860000 52
870000 91
880000 49
890000 41
900000 126
910000 81
920000 41
930000 35
940000 49
950000 58
960000 41
970000 38
980000 37
990000 24
1000000 12
1010000 12
1020000 13
1030000 14
1040000 9
1050000 9
1060000 11
1070000 14
1080000 14
1090000 10
1100000 9
1110000 11
1120000 10
1130000 9
1140000 12
1150000 10
1160000 10
1170000 9
1180000 17
1190000 18
1200000 18
1210000 88
1220000 10
1230000 12
1240000 10
1250000 16
1260000 9
1270000 10
1280000 11
1290000 11
1300000 10
1310000 11
1320000 12
1330000 11
1340000 11
1350000 10
1360000 11
1370000 10
1380000 11
1390000 21
1400000 11
1410000 11
1420000 10
1430000 10
1440000 11
1450000 8
1460000 11
1470000 13
1480000 12
1490000 12
1500000 12
1510000 11
1520000 11
1530000 12
1540000 11
1550000 12
1560000 13
1570000 16
1580000 16
1590000 12
1600000 10
1610000 11
1620000 11
1630000 12
1640000 10
1650000 11
1660000 11
1670000 11
1680000 11
1690000 12
1700000 10
1710000 11
1720000 11
1730000 12
1740000 12
1750000 11
1760000 13
1770000 13
1780000 11
1790000 12
1800000 13
1810000 13
1820000 11
1830000 10
1840000 14
1850000 13
1860000 11
1870000 12
1880000 12
1890000 11
1900000 11
1910000 11
1920000 13
1930000 11
1940000 12
1950000 16
1960000 13
1970000 13
1980000 13
1990000 13
2000000 13
2010000 11
2020000 17
2030000 13
2040000 11
2050000 16
2060000 13
2070000 14
2080000 12
2090000 14
2100000 11
2110000 12
2120000 11
2130000 13
2140000 16
2150000 13
2160000 15
2170000 13
2180000 12
2190000 12
2200000 15
2210000 16
2220000 13
2230000 12
2240000 12
2250000 13
2260000 13
2270000 12
2280000 13
2290000 15
2300000 14
2310000 15
2320000 13
2330000 12
2340000 13
2350000 13
2360000 16
2370000 12
2380000 15
2390000 13
2400000 14
2410000 14
2420000 15
2430000 14
2440000 14
2450000 13
2460000 13
2470000 14
2480000 17
2490000 16
2500000 33
2510000 19
2520000 28
2530000 17
2540000 18
2550000 21
2560000 20
2570000 17
2580000 16
2590000 16
2600000 19
2610000 21
2620000 16
2630000 14
2640000 24
2650000 14
2660000 16
2670000 19
2680000 15
2690000 15
2700000 34
2710000 14
2720000 11
2730000 103
2740000 12
2750000 10
2760000 20
2770000 14
2780000 13
2790000 137
2800000 131
2810000 20
2820000 14
2830000 13
2840000 11
2850000 20
2860000 11
2870000 35
2880000 56
2890000 16
2900000 12
2910000 12
2920000 9
2930000 13
2940000 11
2950000 10
2960000 14
2970000 9
2980000 12
2990000 9
3000000 10
3010000 13
3020000 11
3030000 11
3040000 10
3050000 11
3060000 11
3070000 10
3080000 10
3090000 10
3100000 16
3110000 11
3120000 12
3130000 11
3140000 13
3150000 13
3160000 12
3170000 11
3180000 11
3190000 28
3200000 14
3210000 11
3220000 11
3230000 13
3240000 11
3250000 11
3260000 15
3270000 12
3280000 12
3290000 29
3300000 11
3310000 10
3320000 10
3330000 15
3340000 20
3350000 13
3360000 10
3370000 11
3380000 12
3390000 14
3400000 17
3410000 10
3420000 11
3430000 12
3440000 15
3450000 11
3460000 15
3470000 11
3480000 19
3490000 11
3500000 11
3510000 13
3520000 11
3530000 11
3540000 18
3550000 12
3560000 14
3570000 12
3580000 32
3590000 12
3600000 11
3610000 12
3620000 10
3630000 21
3640000 13
3650000 12
3660000 12
3670000 12
3680000 19
3690000 11
3700000 11
3710000 15
3720000 13
3730000 12
3740000 13
3750000 13
3760000 13
3770000 13
3780000 26
3790000 14
3800000 12
3810000 13
3820000 13
3830000 13
3840000 13
3850000 12
3860000 16
3870000 13
3880000 13
3890000 11
3900000 14
3910000 15
3920000 13
3930000 11
3940000 19
3950000 18
3960000 13
3970000 14
3980000 12
3990000 16
4000000 12
4010000 13
4020000 15
4030000 12
4040000 12
4050000 13
4060000 12
4070000 14
4080000 12
4090000 18
4100000 12
4110000 14
4120000 12
4130000 14
4140000 13
4150000 12
4160000 13
4170000 14
4180000 14
4190000 17
4200000 13
4210000 22
4220000 15
4230000 16
4240000 14
4250000 16
4260000 15
4270000 19
4280000 14
4290000 16
4300000 22
4310000 15
4320000 13
4330000 15
4340000 15
4350000 15
4360000 17
4370000 22
4380000 16
4390000 16
4400000 15
4410000 15
4420000 14
4430000 13
4440000 20
4450000 18
4460000 14
4470000 16
4480000 16
4490000 16
4500000 39
4510000 25
4520000 17
4530000 16
4540000 19
4550000 16
4560000 15
4570000 15
4580000 16
4590000 16
4600000 15
4610000 15
4620000 20
4630000 17
4640000 17
4650000 27
4660000 16
4670000 42
4680000 17
4690000 15
4700000 22
4710000 26
4720000 20
4730000 16
4740000 20
4750000 25
4760000 15
4770000 25
4780000 19
4790000 23
4800000 26
4810000 24
4820000 27
4830000 19
4840000 22
4850000 16
4860000 20
4870000 17
4880000 19
4890000 17
4900000 20
4910000 16
4920000 14
4930000 16
4940000 30
4950000 19
4960000 17
4970000 24
4980000 24
4990000 25
5000000 21
5010000 19
5020000 17
5030000 21
5040000 19
5050000 18
5060000 19
5070000 23
5080000 18
5090000 19
5100000 28
5110000 18
5120000 16
5130000 18
5140000 23
5150000 18
5160000 17
5170000 19
5180000 18
5190000 19
5200000 21
5210000 17
5220000 15
5230000 19
5240000 16
5250000 24
5260000 17
5270000 18
5280000 17
5290000 15
5300000 16
5310000 17
5320000 41
5330000 17
5340000 3
5350000 2
5360000 2
5370000 2
5380000 2
